m0|ghaunadaur_fome|60|0.85|0.12|10.0|48|0|0|0|0
m0|helion_tarn|60|0.88|0.13|11.3|52|0|0|0|0
m0|lu_yueh_praga|60|0.62|0.11|8.8|62|0|0|0|0
m0|selune_prata|60|0.80|0.11|10.4|48|0|0|0|0
m0|sendrinah_cura|60|1.03|0.13|12.2|40|0|0|0|0
m0|shar_pacto_perda|60|0.48|0.10|7.5|68|0|0|0|0
m1|ghaunadaur_fome|60|1.03|0.13|12.2|38|0|0|0|0
m1|helion_tarn|60|1.22|0.13|13.8|32|0|0|0|0
m1|lu_yueh_praga|60|0.72|0.11|9.6|53|0|0|0|0
m1|selune_prata|60|1.07|0.13|12.8|38|0|0|0|0
m1|sendrinah_cura|60|1.47|0.12|15.5|20|0|0|0|0
m1|shar_pacto_perda|60|0.62|0.12|9.2|62|0|0|0|0
