m0|sendrinah_cura|60|1.25|98|14.6|0.2|2|25
m0|ghaunadaur_fome|60|1.20|97|13.1|0.4|1|33
m0|sendrinah_vida|60|0.95|100|12.7|0.4|0|48
m0|selune_luar|60|0.80|97|10.7|0.3|1|52
m0|mask_ladrao|60|0.78|98|10.8|0.4|0|55
m0|shar_noite|60|0.77|98|10.1|0.4|0|55
m0|lliira_alegria|60|0.73|98|10.4|0.4|0|62
m0|none|60|0.72|100|9.4|0.4|0|53
m0|shar_perda|60|0.68|100|9.3|0.3|0|60
m0|helion_saber|60|0.65|98|8.8|0.4|0|53
m0|mask_sombras|60|0.60|97|8.7|0.4|1|67
m0|lliira_sorte|60|0.58|100|8.9|0.4|0|65
m0|tou_um_estrela|60|0.58|100|8.9|0.4|0|65
m0|selune_guia|60|0.55|98|9.2|0.3|1|65
m0|ghaunadaur_olho|60|0.42|100|7.6|0.5|0|68
m1|sendrinah_cura|60|1.72|92|16.8|0.2|2|17
m1|ghaunadaur_fome|60|1.53|93|15.9|0.5|1|20
m1|sendrinah_vida|60|1.28|98|14.0|0.4|1|32
m1|lliira_alegria|60|1.18|93|13.3|0.4|1|43
m1|selune_luar|60|1.13|97|13.2|0.4|1|42
m1|mask_sombras|60|1.08|97|13.1|0.4|1|43
m1|mask_ladrao|60|0.97|98|12.4|0.4|1|45
m1|shar_perda|60|0.95|98|11.4|0.4|1|48
m1|tou_um_estrela|60|0.95|95|12.1|0.4|1|52
m1|shar_noite|60|0.93|100|11.8|0.4|0|43
m1|lliira_sorte|60|0.92|97|12.2|0.4|1|53
m1|selune_guia|60|0.87|100|12.0|0.4|0|52
m1|ghaunadaur_olho|60|0.77|97|10.1|0.5|1|63
m1|helion_saber|60|0.73|100|10.5|0.4|0|58
m1|none|60|0.72|100|10.2|0.4|0|62
